%Obama's SMP
-Mladen
300.000000 2 2 2021
-srv
-710.980000 2 2 2021
-Coja
1000.000000 12 2 2021
%Scholarship
-stipendija
15000.000000 2 2 2021
-Overa Semestra
-1045.000000 4 2 2021
-Hrana/Pice
-44.660000 4 2 2021
-Hrana/Pice
-291.960000 4 2 2021
-deda
1000.000000 6 2 2021
-graf. tablet
-6279.000000 9 2 2021
-tata
2000.000000 15 2 2021
-baka
2000.000000 12 2 2021
-Hrana/Pice
-700.000000 16 2 2021
-Zice Akusticna
-2300.000000 19 2 2021
-Hrana/Pice
-365.940000 19 2 2021
-Rukavice
-3149.990000 19 2 2021
-kola
-150.000000 19 2 2021
-mama
2000.000000 22 2 2021
-higijena
-538.000000 22 2 2021
-Hrana/Pice
-266.990000 22 2 2021
-Hrana/Pice
-45.000000 22 2 2021
-Muzika
-960.000000 22 2 2021
*